%eval_id interface              R              S              F           rmse 
1            NO_ID         0.1255         0.5005         0.1255  0.02078477849 
2            NO_ID         0.2085         0.5005         0.1255  0.03165944259 
3            NO_ID         0.0425         0.5005         0.1255  0.01982845174 
4            NO_ID         0.1255         0.8335         0.1255 0.003466692896 
5            NO_ID         0.1255         0.1675         0.1255   0.3144364866 
6            NO_ID         0.1255         0.5005         0.2085  0.03839523375 
7            NO_ID         0.1255         0.5005         0.0425 0.005457020121 
8            NO_ID         0.2085         0.8335         0.1255 0.008596411857 
9            NO_ID         0.0425         0.8335         0.1255 0.003209913625 
10           NO_ID         0.1255         0.8335         0.2085 0.006216194255 
11           NO_ID         0.1255         0.8335         0.0425 0.002267291968 
12           NO_ID         0.2085         0.8335         0.0425 0.003336597586 
13           NO_ID         0.0425         0.8335         0.0425 0.002865078241 
14           NO_ID         0.2085         0.5005         0.0425 0.007939513485 
15           NO_ID         0.0425         0.5005         0.0425  0.00507107426 
16           NO_ID   0.1531666667         0.8335         0.0425 0.002219299721 
17           NO_ID  0.09783333333         0.8335         0.0425 0.002291066362 
18           NO_ID         0.1255         0.9445         0.0425 0.002849122801 
19           NO_ID         0.1255         0.7225         0.0425 0.002822338648 
20           NO_ID         0.1255         0.8335  0.07016666667 0.002564249394 
21           NO_ID         0.1255         0.8335  0.01483333333 0.002879605963 
22           NO_ID         0.2085         0.8335         0.2085   0.0133245697 
23           NO_ID         0.0425         0.8335         0.2085 0.004880953233 
24           NO_ID   0.1531666667         0.9445         0.0425 0.002851366369 
25           NO_ID   0.1531666667         0.7225         0.0425 0.002714630106 
26           NO_ID   0.1531666667         0.8335  0.07016666667 0.002958599535 
27           NO_ID   0.1531666667         0.8335  0.01483333333 0.002613315232 
28           NO_ID         0.2085         0.5005         0.2085   0.0531030038 
29           NO_ID         0.0425         0.5005         0.2085  0.03581010719 
30           NO_ID  0.09783333333         0.9445         0.0425 0.003112193813 
31           NO_ID  0.09783333333         0.7225         0.0425 0.002639040589 
32           NO_ID  0.09783333333         0.8335  0.07016666667 0.002322972683 
33           NO_ID  0.09783333333         0.8335  0.01483333333  0.00335069809 
34           NO_ID   0.1623888889         0.8335         0.0425 0.002621480303 
35           NO_ID   0.1439444444         0.8335         0.0425 0.002673046002 
36           NO_ID   0.1531666667         0.8705         0.0425 0.002618804944 
37           NO_ID   0.1531666667         0.7965         0.0425 0.002547100469 
38           NO_ID   0.1531666667         0.8335  0.05172222222 0.002584397579 
39           NO_ID   0.1531666667         0.8335  0.03327777778 0.002130562631 
40           NO_ID         0.2085         0.1675         0.1255   0.3392592307 
41           NO_ID         0.0425         0.1675         0.1255   0.3187486131 
42           NO_ID         0.1255         0.1675         0.2085   0.6050005826 
43           NO_ID         0.1255         0.1675         0.0425  0.06467988281 
44           NO_ID  0.09783333333         0.9445  0.07016666667  0.00276161537 
45           NO_ID  0.09783333333         0.7225  0.07016666667  0.00300095105 
46           NO_ID   0.1623888889         0.8335  0.03327777778 0.002361468383 
47           NO_ID   0.1439444444         0.8335  0.03327777778 0.002268127027 
48           NO_ID   0.1531666667         0.8705  0.03327777778 0.002320738002 
49           NO_ID   0.1531666667         0.7965  0.03327777778  0.00228399109 
50           NO_ID         0.2085         0.1675         0.0425  0.07165603121 
51           NO_ID         0.0425         0.1675         0.0425  0.06090378022 
52           NO_ID         0.1255         0.9445  0.07016666667  0.00276535012 
53           NO_ID         0.1255         0.7225  0.07016666667  0.00397072902 
54           NO_ID   0.1562407407         0.8335  0.03327777778 0.002497021134 
55           NO_ID   0.1500925926         0.8335  0.03327777778 0.002233471505 
56           NO_ID   0.1531666667   0.8458333333  0.03327777778  0.00213603304 
57           NO_ID   0.1531666667   0.8211666667  0.03327777778    0.002247696 
58           NO_ID   0.1531666667         0.8335  0.03635185185  0.00221774003 
59           NO_ID   0.1531666667         0.8335   0.0302037037 0.002283570363 
60           NO_ID         0.2085         0.1675         0.2085   0.6342881684 
61           NO_ID         0.0425         0.1675         0.2085   0.6073995894 
62           NO_ID   0.1531666667         0.9445  0.01483333333 0.003243296877 
63           NO_ID   0.1531666667         0.7225  0.01483333333 0.002198337404 
64           NO_ID   0.1562407407   0.8458333333  0.03327777778 0.002271020863 
65           NO_ID   0.1500925926   0.8458333333  0.03327777778 0.002596979421 
66           NO_ID   0.1531666667   0.8458333333  0.03635185185 0.002559387903 
67           NO_ID   0.1531666667   0.8458333333   0.0302037037 0.002387769305 
68           NO_ID    0.154191358         0.8335  0.03327777778  0.00244913064 
69           NO_ID   0.1521419753         0.8335  0.03327777778 0.002282110807 
70           NO_ID   0.1531666667   0.8376111111  0.03327777778 0.002150182201 
71           NO_ID   0.1531666667   0.8293888889  0.03327777778 0.002349466519 
72           NO_ID   0.1531666667         0.8335  0.03430246914 0.002376378812 
73           NO_ID   0.1531666667         0.8335  0.03225308642 0.002025479239 
74           NO_ID  0.07016666667         0.8335         0.0425   0.0026697208 
75           NO_ID  0.01483333333         0.8335         0.0425 0.003565034365 
76           NO_ID         0.0425         0.9445         0.0425 0.004023837899 
77           NO_ID         0.0425         0.7225         0.0425 0.002663679452 
78           NO_ID         0.0425         0.8335  0.07016666667  0.00285428279 
79           NO_ID         0.0425         0.8335  0.01483333333 0.003837875259 
80           NO_ID   0.1623888889         0.7225  0.01483333333 0.002171656565 
81           NO_ID   0.1439444444         0.7225  0.01483333333 0.002268915482 
82           NO_ID   0.1531666667         0.7595  0.01483333333 0.002468218593 
83           NO_ID   0.1531666667         0.6855  0.01483333333 0.002000376931 
84           NO_ID   0.1531666667         0.7225  0.02405555556 0.002017994329 
85           NO_ID   0.1531666667         0.7225 0.005611111111 0.003295476654 
86           NO_ID    0.154191358         0.8335  0.03225308642 0.002157081405 
87           NO_ID   0.1521419753         0.8335  0.03225308642 0.002195451702 
88           NO_ID   0.1531666667   0.8376111111  0.03225308642  0.00212551256 
89           NO_ID   0.1531666667   0.8293888889  0.03225308642 0.002202357618 
90           NO_ID  0.07016666667         0.7225         0.0425 0.002502877194 
91           NO_ID  0.01483333333         0.7225         0.0425  0.00346294738 
92           NO_ID         0.0425         0.7225  0.07016666667 0.003352031663 
93           NO_ID         0.0425         0.7225  0.01483333333 0.003529721071 
94           NO_ID   0.1623888889         0.6855  0.01483333333 0.001987486727 
95           NO_ID   0.1439444444         0.6855  0.01483333333 0.002013970353 
96           NO_ID   0.1531666667         0.6855  0.02405555556 0.001958741294 
97           NO_ID   0.1531666667         0.6855 0.005611111111 0.003177996758 
98           NO_ID  0.07016666667         0.7225  0.07016666667 0.003493489992 
99           NO_ID  0.07016666667         0.7225  0.01483333333 0.002950564307 
100          NO_ID   0.1623888889         0.6855  0.02405555556 0.002184954594 
101          NO_ID   0.1439444444         0.6855  0.02405555556 0.002281247982 
102          NO_ID  0.07016666667         0.8335  0.07016666667 0.002660297895 
103          NO_ID  0.07016666667         0.8335  0.01483333333 0.003564641313 
104          NO_ID   0.1623888889         0.7225  0.02405555556 0.002249136674 
105          NO_ID   0.1439444444         0.7225  0.02405555556 0.002162379125 
106          NO_ID   0.1562407407         0.6855  0.02405555556 0.002360426021 
107          NO_ID   0.1500925926         0.6855  0.02405555556 0.001991607909 
108          NO_ID   0.1531666667   0.6978333333  0.02405555556 0.002118504414 
109          NO_ID   0.1531666667   0.6731666667  0.02405555556  0.00220339361 
110          NO_ID   0.1531666667         0.6855  0.02712962963  0.00218183248 
111          NO_ID   0.1531666667         0.6855  0.02098148148 0.002121615453 
112          NO_ID         0.1255         0.9445  0.01483333333 0.003520099998 
113          NO_ID         0.1255         0.7225  0.01483333333 0.002359056837 
114          NO_ID    0.165462963         0.6855  0.01483333333  0.00218598764 
115          NO_ID   0.1593148148         0.6855  0.01483333333 0.002031943438 
116          NO_ID   0.1623888889   0.6978333333  0.01483333333  0.00202413309 
117          NO_ID   0.1623888889   0.6731666667  0.01483333333 0.002212964239 
118          NO_ID   0.1623888889         0.6855  0.01790740741 0.002022834634 
119          NO_ID   0.1623888889         0.6855  0.01175925926 0.002245915115 
120          NO_ID    0.154191358         0.6855  0.02405555556 0.002060356974 
121          NO_ID   0.1521419753         0.6855  0.02405555556 0.002054542454 
122          NO_ID   0.1531666667   0.6896111111  0.02405555556 0.001907028064 
123          NO_ID   0.1531666667   0.6813888889  0.02405555556  0.00230038599 
124          NO_ID   0.1531666667         0.6855  0.02508024691 0.002178691463 
125          NO_ID   0.1531666667         0.6855   0.0230308642  0.00196188765 
126          NO_ID   0.1531666667         0.9445  0.07016666667 0.002878257339 
127          NO_ID   0.1531666667         0.7225  0.07016666667 0.004945570126 
128          NO_ID    0.154191358   0.6896111111  0.02405555556 0.002038181765 
129          NO_ID   0.1521419753   0.6896111111  0.02405555556 0.001870966654 
130          NO_ID   0.1531666667   0.6896111111  0.02508024691 0.002018758849 
131          NO_ID   0.1531666667   0.6896111111   0.0230308642 0.002073159665 
132          NO_ID  0.07016666667         0.8335         0.1255 0.002748361144 
133          NO_ID  0.01483333333         0.8335         0.1255  0.00440967494 
134          NO_ID         0.0425         0.9445         0.1255 0.003472321197 
135          NO_ID         0.0425         0.7225         0.1255  0.00566839127 
136          NO_ID         0.0425         0.8335   0.1531666667 0.004138239206 
137          NO_ID         0.0425         0.8335  0.09783333333 0.003641398793 
138          NO_ID   0.1347222222         0.8335         0.0425 0.002380532223 
139          NO_ID   0.1162777778         0.8335         0.0425 0.002273485998 
140          NO_ID         0.1255         0.8705         0.0425  0.00221780771 
141          NO_ID         0.1255         0.7965         0.0425 0.002105172013 
142          NO_ID         0.1255         0.8335  0.05172222222 0.002221036699 
143          NO_ID         0.1255         0.8335  0.03327777778 0.001995642826 
144          NO_ID   0.1521419753   0.6896111111  0.02508024691 0.002246651806 
145          NO_ID   0.1521419753   0.6896111111   0.0230308642 0.002056768696 
146          NO_ID  0.07016666667         0.9445         0.1255 0.002840698697 
147          NO_ID  0.07016666667         0.7225         0.1255  0.00489599575 
148          NO_ID  0.07016666667         0.8335   0.1531666667 0.003547276839 
149          NO_ID  0.07016666667         0.8335  0.09783333333 0.002855042189 
150          NO_ID   0.1347222222         0.8335  0.03327777778 0.002194459422 
151          NO_ID   0.1162777778         0.8335  0.03327777778 0.002174960293 
152          NO_ID         0.1255         0.8705  0.03327777778 0.002337402151 
153          NO_ID         0.1255         0.7965  0.03327777778 0.001956248178 
154          NO_ID   0.1524835391   0.6896111111  0.02405555556 0.002041782334 
155          NO_ID   0.1518004115   0.6896111111  0.02405555556 0.002149615889 
156          NO_ID   0.1521419753   0.6909814815  0.02405555556 0.002301463384 
157          NO_ID   0.1521419753   0.6882407407  0.02405555556 0.002635282867 
158          NO_ID   0.1521419753   0.6896111111  0.02439711934 0.002248921145 
159          NO_ID   0.1521419753   0.6896111111  0.02371399177 0.001932653602 
